  11     16.832   10.8703
  11    20.4335   8.65938
   7   0.634218   8.03354
   6    26.5884   3.53076
   1    21.3472   19.6014
  16    24.5228   18.1751
  17    16.7123   5.90445
  23    17.0401   18.5689
  22    24.6029   18.7266
  14    27.2958   17.9157
   2    27.2306   17.8113
  20    22.8193   14.1069
  19    3.98145   10.4275
  17     27.719  0.739359
  23    29.3052   15.0383
  13    13.5568   17.7894
   2    26.6588   19.3867
  11    9.41011    16.879
  12    16.9867   15.0648
   9    23.5956   2.47346
   5    8.24651   6.35831
  16    26.1094  0.857567
  14    27.4721   8.42248
  12    17.2785   10.1496
  22   0.691783   9.18007
   3    9.01074   6.96873
  16    18.4397  0.649309
  15    21.7071   1.17832
   0     16.985    19.801
   6    26.0045   6.88855
   0    25.9824    13.283
  15    12.8459   13.7962
  23    25.6614   7.47568
  17    18.3131   18.5344
   6    17.6872   18.4354
   7    10.6761   14.6784
  20     9.0866   19.4992
   0    28.5873   6.70008
  22    29.3844   9.63614
   2    0.91778   1.98599
   5    3.06785   15.6548
   1    1.31148   9.71033
   7     5.4021   9.63537
  11    19.7446   2.69341
   9    9.80248    5.1027
  17    7.46727    19.223
  20    18.7932   11.0292
  15    19.1252   14.0815
  20    29.0641   7.25775
  19    2.08124   14.8423
  16    28.2205   12.9041
  14     24.886    12.516
  14    27.3127   12.1237
  22    14.4605   2.11531
   5    6.31642    4.7752
   3    14.7903   5.57513
  10    27.4564   16.3527
  10    26.7136   9.20592
  13    14.0619   10.0834
   2     17.308   3.65945
   8    8.38691   12.7306
  14    16.4446   17.5001
  14     1.7592  0.580743
   8    8.44854    2.1496
   0    4.52652    8.7445
   1    14.1823      19.3
  13    2.28761   2.44404
  13    8.86444   15.4484
  11    17.7037   7.94145
   9    22.9497   19.3423
  14    7.69999   11.0982
  13    20.1773   8.91479
   8    26.7832   1.57841
  20    21.0164   19.0778
   9    6.56332   10.4041
   8    29.5072   3.99129
  12    7.22687   15.6835
  21    25.4189   5.18415
   1   0.801026   9.10581
  15    6.66315    13.506
   2    14.5328   2.05214
  15    18.2454  0.671974
  15     9.8424   17.8456
  22    19.1745   9.14979
   4    21.6164    16.849
  13    6.33316   4.11053
   5    2.49081   14.7261
   2    8.56542   17.2696
   2    16.3216  0.292996
  19    26.4916   9.07055
  10    20.4223   10.9081
  14    25.4083   15.7928
   7     18.361   10.7048
  10    29.6122     10.89
   2    17.4476   5.74143
  14    11.2975   7.02851
  15    24.9906   15.0116
  11    26.3756   18.9374
  15    28.0033   1.55857
   9    21.2674    3.6559
